0.00000 0.00000 0.00000
0.00000 0.00000 0.00000
0.00000 0.00000 0.00000
0.00000 0.00000 0.00000
0.00000 0.00000 0.00000
-1.00000 0.00000 0.00000
-0.77032 0.63345 0.07316
-0.25615 0.02498 0.96632
-0.79765 0.10687 0.59358
0.46156 -0.87617 0.13887
0.22922 -0.85338 -0.46819
0.26308 0.41130 -0.87271
-0.79924 -0.58544 0.13592
-0.50671 -0.51033 0.69484
-0.30543 0.13644 -0.94239
0.79727 0.19496 -0.57127
0.80425 0.59260 -0.04470
-0.18656 -0.95378 0.23557
0.38819 -0.10793 0.91524
0.13393 -0.66295 0.73659
0.33850 0.88097 0.33063
-0.76738 -0.31190 -0.56022
-0.40653 0.66561 0.62587
-0.28719 0.76123 -0.58143
0.76615 -0.43199 0.47582
0.17932 0.52641 0.83110
0.76738 0.31190 0.56022
-0.21798 0.97518 0.03895
-0.41899 -0.83971 -0.34545
-0.17774 -0.47869 -0.85980
0.33978 0.85549 -0.39076
0.78449 -0.51198 -0.34993
0.41975 -0.26046 -0.86947
-0.77345 0.35504 -0.52509
0.99845 -0.04771 0.02872
